208,13,4
cloud_3x2
(8,2,0)
hill_5x3
(0,9,0)
bushes_5x1
(11,11,0)
floor_1x1
(0,12,2)(1,12,2)(2,12,2)(3,12,2)(4,12,2)(5,12,2)(6,12,2)(7,12,2)(8,12,2)(9,12,2)(10,12,2)(11,12,2)(12,12,2)(13,12,2)(14,12,2)(15,12,2)
cloud_3x2
(19,1,0)
cloud_5x2
(27,2,0)
secretbox_1x1
(22,4,2)(16,8,2)(21,8,2)(23,8,2)
brick_1x1
(20,8,2)(22,8,2)(24,8,2)
hill_3x2
(16,10,0)
bushes_3x1
(23,11,0)
tube_2x2
(28,10,2)
floor_1x1
(16,12,2)(17,12,2)(18,12,2)(19,12,2)(20,12,2)(21,12,2)(22,12,2)(23,12,2)(24,12,2)(25,12,2)(26,12,2)(27,12,2)(28,12,2)(29,12,2)(30,12,2)(31,12,2)
cloud_4x2
(36,1,0)
tube_2x3
(38,9,2)
bushes_4x1
(41,11,0)
tube_2x4
(46,8,2)
floor_1x1
(32,12,2)(33,12,2)(34,12,2)(35,12,2)(36,12,2)(37,12,2)(38,12,2)(39,12,2)(40,12,2)(41,12,2)(42,12,2)(43,12,2)(44,12,2)(45,12,2)(46,12,2)(47,12,2)
cloud_3x2
(56,2,0)
hill_5x3
(48,9,0)
tube_2x4
(57,8,2)
bushes_5x1
(59,11,0)
floor_1x1
(48,12,2)(49,12,2)(50,12,2)(51,12,2)(52,12,2)(53,12,2)(54,12,2)(55,12,2)(56,12,2)(57,12,2)(58,12,2)(59,12,2)(60,12,2)(61,12,2)(62,12,2)(63,12,2)
cloud_3x2
(67,1,0)
cloud_5x2
(75,2,0)
brick_1x1
(77,8,2)(79,8,2)
secretbox_1x1
(78,8,2)
hill_3x2
(64,10,0)
bushes_3x1
(71,11,0)
floor_1x1
(64,12,2)(65,12,2)(66,12,2)(67,12,2)(68,12,2)(71,12,2)(72,12,2)(73,12,2)(74,12,2)(75,12,2)(76,12,2)(77,12,2)(78,12,2)(79,12,2)
cloud_4x2
(84,1,0)
brick_1x1
(80,4,2)(81,4,2)(82,4,2)(83,4,2)(84,4,2)(85,4,2)(86,4,2)(87,4,2)(91,4,2)(92,4,2)(93,4,2)
secretbox_1x1
(94,4,2)
brick_secretbox_1x1
(94,8,2)
bushes_4x1
(89,11,0)
floor_1x1
(80,12,2)(81,12,2)(82,12,2)(83,12,2)(84,12,2)(85,12,2)(89,12,2)(90,12,2)(91,12,2)(92,12,2)(93,12,2)(94,12,2)(95,12,2)
cloud_3x2
(104,2,0)
secretbox_1x1
(109,4,2)(106,8,2)(109,8,2)
brick_1x1
(100,8,2)(101,8,2)
hill_5x3
(96,9,0)
bushes_5x1
(107,11,0)
floor_1x1
(96,12,2)(97,12,2)(98,12,2)(99,12,2)(100,12,2)(101,12,2)(102,12,2)(103,12,2)(104,12,2)(105,12,2)(106,12,2)(107,12,2)(108,12,2)(109,12,2)(110,12,2)(111,12,2)
cloud_3x2
(115,1,0)
cloud_5x2
(123,2,0)
brick_1x1
(121,4,2)(122,4,2)(123,4,2)(118,8,2)
secretbox_1x1
(112,8,2)
hill_3x2
(112,10,0)
bushes_3x1
(119,11,0)
floor_1x1
(112,12,2)(113,12,2)(114,12,2)(115,12,2)(116,12,2)(117,12,2)(118,12,2)(119,12,2)(120,12,2)(121,12,2)(122,12,2)(123,12,2)(124,12,2)(125,12,2)(126,12,2)(127,12,2)
cloud_4x2
(132,1,0)
brick_1x1
(128,4,2)(131,4,2)(129,8,2)(130,8,2)
secretbox_1x1
(129,4,2)(130,4,2)
bushes_4x1
(137,11,0)
block_1x1
(137,8,2)(140,8,2)(136,9,2)(137,9,2)(140,9,2)(141,9,2)(135,10,2)(136,10,2)(137,10,2)(140,10,2)(141,10,2)(142,10,2)(134,11,2)(135,11,2)(136,11,2)(137,11,2)(140,11,2)(141,11,2)(142,11,2)(143,11,2)
floor_1x1
(128,12,2)(129,12,2)(130,12,2)(131,12,2)(132,12,2)(133,12,2)(134,12,2)(135,12,2)(136,12,2)(137,12,2)(138,12,2)(139,12,2)(140,12,2)(141,12,2)(142,12,2)(143,12,2)
cloud_3x2
(152,2,0)
hill_5x3
(144,9,0)
bushes_3x1
(157,11,0)
block_1x1
(151,8,2)(152,8,2)(155,8,2)(150,9,2)(151,9,2)(152,9,2)(155,9,2)(156,9,2)(149,10,2)(150,10,2)(151,10,2)(152,10,2)(155,10,2)(156,10,2)(157,10,2)(148,11,2)(149,11,2)(150,11,2)(151,11,2)(152,11,2)(155,11,2)(156,11,2)(157,11,2)(158,11,2)
floor_1x1
(144,12,2)(145,12,2)(146,12,2)(147,12,2)(148,12,2)(149,12,2)(150,12,2)(151,12,2)(152,12,2)(155,12,2)(156,12,2)(157,12,2)(158,12,2)(159,12,2)
cloud_3x2
(163,1,0)
cloud_5x2
(171,2,0)
brick_1x1
(168,8,2)(169,8,2)(171,8,2)
secretbox_1x1
(170,8,2)
hill_3x2
(160,10,0)
tube_2x2
(163,10,2)
bushes_3x1
(167,11,0)
floor_1x1
(160,12,2)(161,12,2)(162,12,2)(163,12,2)(164,12,2)(165,12,2)(166,12,2)(167,12,2)(168,12,2)(169,12,2)(170,12,2)(171,12,2)(172,12,2)(173,12,2)(174,12,2)(175,12,2)
cloud_4x2
(180,1,0)
block_1x1
(188,4,2)(189,4,2)(187,5,2)(188,5,2)(189,5,2)(186,6,2)(187,6,2)(188,6,2)(189,6,2)(185,7,2)(186,7,2)(187,7,2)(188,7,2)(189,7,2)(184,8,2)(185,8,2)(186,8,2)(187,8,2)(188,8,2)(189,8,2)(183,9,2)(184,9,2)(185,9,2)(186,9,2)(187,9,2)(188,9,2)(189,9,2)(182,10,2)(183,10,2)(184,10,2)(185,10,2)(186,10,2)(187,10,2)(188,10,2)(189,10,2)(181,11,2)(182,11,2)(183,11,2)(184,11,2)(185,11,2)(186,11,2)(187,11,2)(188,11,2)(189,11,2)
tube_2x2
(179,10,2)
floor_1x1
(176,12,2)(177,12,2)(178,12,2)(179,12,2)(180,12,2)(181,12,2)(182,12,2)(183,12,2)(184,12,2)(185,12,2)(186,12,2)(187,12,2)(188,12,2)(189,12,2)(190,12,2)(191,12,2)
cloud_3x2
(200,2,0)
greenball_1x1
(198,1,2)
flagpole_1x9
(198,2,2)
flag_2x1
(197,2,3)
hill_5x3
(192,9,0)
block_1x1
(198,11,2)
bushes_3x1
(205,11,0)
castle_5x5
(202,7,2)
floor_1x1
(192,12,2)(193,12,2)(194,12,2)(195,12,2)(196,12,2)(197,12,2)(198,12,2)(199,12,2)(200,12,2)(201,12,2)(202,12,2)(203,12,2)(204,12,2)(205,12,2)(206,12,2)(207,12,2)
passblock_1x1
(205,11,3)
